date	minute	average	changeOverTime	close	high	label	low	marketAverage	marketChangeOverTime	marketClose	marketHigh	marketLow	marketNotional	marketNumberOfTrades	marketOpen	marketVolume	notional	numberOfTrades	open	volume
2018-10-24	09:30	223.093	0.0	223.335	223.59	09:30 AM	222.57	222.848	0.0	223.345	223.63	222.52	187338681.1701	2981	222.52	840658	1681672.005	68	222.57	7538
2018-10-24	09:31	223.576	0.0021650163833020495	223.76	223.97	09:31 AM	223.05	223.644	0.0035719414129810104	223.802	223.97	222.7	64523675.2418	2747	223.35	288510	3015371.67	130	223.365	13487
2018-10-24	09:32	223.9	0.0036173255099891813	223.89	224.17	09:32 AM	223.72	223.922	0.00481942848937385	223.917	224.2	223.66	62417938.0961	3348	223.825	278748	2854726.36	130	223.79	12750
2018-10-24	09:33	223.976	0.003957990613779948	223.96	224.15	09:33 AM	223.7	223.961	0.0049944356691556556	223.84	224.2	223.63	57191247.5948	2373	223.92	255362	1273082.8	56	223.92	5684
2018-10-24	09:34	223.631	0.0024115503399927875	223.38	223.97	09:34 AM	223.29	223.589	0.0033251364158528927	223.399	223.98	222.7	53038790.0584	2464	223.84	237216	1978017.52	94	223.8	8845
2018-10-24	09:35	223.351	0.0011564683786582715	223.5	223.68	09:35 AM	223.135	223.33	0.002162909247558871	223.5	223.71	222.7	54709313.1229	2510	223.37	244971	3696465.73	122	223.235	16550
2018-10-24	09:36	223.08	-5.82716624904269e-05	223.18	223.5	09:36 AM	222.92	223.113	0.0011891513497989047	223.18	223.53	222.7	60051668.0153	2961	223.53	269153	7136098.685	131	223.5	31989
2018-10-24	09:37	223.359	0.001192327863267873	223.67	223.8	09:37 AM	223.14	223.446	0.0026834434233198624	223.71	223.85	223.1	38112222.5189	1574	223.12	170566	856358.04	43	223.25	3834
2018-10-24	09:38	223.924	0.0037249039638178575	224.05	224.23	09:38 AM	223.61	223.951	0.004949562033314098	224.05	224.23	223.509	47693318.9918	2280	223.73	212963	1314655.65	52	223.69	5871
2018-10-24	09:39	223.901	0.003621807945565397	223.79	224.1	09:39 AM	223.44	223.835	0.004429027857553107	223.77	224.11	223.44	40816536.6548	1625	224.03	182351	11817258.165	255	224.01	52779
2018-10-24	09:40	223.594	0.002245700223673557	223.585	223.795	09:40 AM	223.47	223.592	0.003338598506605398	223.579	223.81	223.45	27780437.0926	1331	223.786	124246	4644057.525	153	223.795	20770
2018-10-24	09:41	223.628	0.0023981030332641392	223.61	223.81	09:41 AM	223.425	223.622	0.0034732194141298143	223.61	223.84	223.4	40561203.4778	1498	223.59	181383	7111812.86	176	223.59	31802
2018-10-24	09:42	223.557	0.0020798501073543262	223.46	223.67	09:42 AM	223.43	223.531	0.0030648693279723967	223.46	223.734	223.41	35837024.7277	1450	223.61	160322	8232270.435	155	223.61	36824
2018-10-24	09:43	223.156	0.00028239344130033935	223.02	223.48	09:43 AM	223.02	223.171	0.0014494184376794006	223.05	223.48	223.0	41758177.98	1751	223.43	187113	6220240.31	157	223.43	27874
2018-10-24	09:44	222.719	-0.0016764309054967893	222.4	223.08	09:44 AM	222.32	222.739	-0.0004891226306720673	222.351	223.09	222.3	67040097.8679	2308	223.05	300980	5636361.325	163	223.08	25307
2018-10-24	09:45	222.552	-0.0024249976467213084	222.635	222.73	09:45 AM	222.36	222.585	-0.0011801766226306955	222.66	222.78	222.32	47874939.288	1689	222.37	215086	6219648.035	153	222.375	27947
2018-10-24	09:46	222.54	-0.0024787868736356466	222.425	222.68	09:46 AM	222.425	222.544	-0.0013641585295807099	222.44	222.71	222.41	38117379.532	1649	222.66	171280	5809191.54	135	222.68	26104
2018-10-24	09:47	222.506	-0.002631189683226229	222.5	222.65	09:47 AM	222.36	222.499	-0.0015660898908673982	222.53	222.842	222.31	27862013.0645	1072	222.415	125223	6094899.27	59	222.44	27392
2018-10-24	09:48	221.963	-0.00506515220109997	221.64	222.55	09:48 AM	221.6	221.995	-0.0038277211372774655	221.66	223.048	221.54	50911814.1018	2541	222.53	229338	1211252.61	59	222.55	5457
2018-10-24	09:49	221.436	-0.0074273957497545074	221.21	221.65	09:49 AM	221.17	221.413	-0.006439366743251015	221.19	221.67	221.14	42152452.2853	2050	221.64	190379	994247.1	52	221.6	4490
2018-10-24	09:50	221.429	-0.007458772798787892	221.5	221.54	09:50 AM	221.3	221.424	-0.006390005743825417	221.518	222.108	221.12	34569451.3768	1469	221.22	156123	1656287.51	61	221.4	7480
2018-10-24	09:51	221.659	-0.006427812616263162	221.77	221.86	09:51 AM	221.44	221.611	-0.005550868753589995	221.76	221.88	221.38	35732628.1341	1580	221.512	161240	823019.06	42	221.49	3713
2018-10-24	09:52	221.775	-0.0059078500894245165	221.8	221.86	09:52 AM	221.67	221.787	-0.004761092762780043	221.82	221.88	221.64	19448088.4435	1078	221.74	87688	497220.69	30	221.74	2242
2018-10-24	09:53	221.847	-0.005585114727938488	221.81	221.95	09:53 AM	221.73	221.854	-0.004460439402642158	221.827	221.98	221.73	20432353.4687	1062	221.82	92098	815064.8	42	221.81	3674
2018-10-24	09:54	221.899	-0.005352028077976398	221.89	222.06	09:54 AM	221.81	221.887	-0.004312356404365364	221.838	222.06	221.78	18583002.8357	1128	221.829	83750	576715.45	29	221.82	2599
2018-10-24	09:55	222.109	-0.004410716606975479	222.24	222.27	09:55 AM	221.89	222.125	-0.0032443638713383705	222.11	222.29	221.839	26918847.4456	1196	221.86	121188	423339.85	21	221.9	1906
2018-10-24	09:56	222.008	-0.0048634426001711376	221.93	222.21	09:56 AM	221.83	222.029	-0.0036751507754165026	221.94	222.24	221.82	23572395.9663	1081	222.128	106168	977944.92	41	222.11	4405
2018-10-24	09:57	221.984	-0.004971021053999814	222.09	222.11	09:57 AM	221.92	222.0	-0.0038052843193567506	222.1	222.14	221.9	20811816.6679	1046	221.95	93747	799585.2	40	221.935	3602
2018-10-24	09:58	222.114	-0.0043883044290945255	222.22	222.26	09:58 AM	221.95	222.134	-0.003203977599081109	222.255	222.29	221.94	19927621.6467	917	222.1	89710	973747.44	40	222.1	4384
2018-10-24	09:59	222.086	-0.004513812625227939	221.945	222.23	09:59 AM	221.945	222.084	-0.003428345778288385	221.95	222.24	221.945	24107907.3664	1118	222.24	108553	968293.49	40	222.23	4360
2018-10-24	10:00	221.457	-0.007333264602654479	221.15	222.0	10 AM	221.135	221.515	-0.005981655657668127	221.14	222.052	221.12	37938052.1704	1704	221.98	171266	1508118.875	88	221.98	6810
2018-10-24	10:01	221.203	-0.008471803239007886	221.27	221.355	10:01 AM	221.05	221.199	-0.0073996625502584755	221.22	221.902	221.03	28227642.3116	1146	221.13	127612	1322352.275	63	221.08	5978
2018-10-24	10:02	220.973	-0.009502763421532617	220.83	221.25	10:02 AM	220.83	220.998	-0.008301622630672129	220.88	221.28	220.81	40273600.9812	1743	221.214	182235	1136465.25	69	221.25	5143
2018-10-24	10:03	220.947	-0.009619306746513727	220.97	221.06	10:03 AM	220.775	220.94	-0.008561889718552625	221.01	221.12	220.77	28124305.2976	1534	220.87	127294	2359492.08	74	220.82	10679
2018-10-24	10:04	220.995	-0.009404149838856374	220.79	221.16	10:04 AM	220.71	221.044	-0.008095203905801273	220.791	222.19	220.69	23698131.7366	1390	221.0	107210	900997.125	50	221.0	4077
2018-10-24	10:05	221.052	-0.00914865101101333	221.04	221.28	10:05 AM	220.79	221.017	-0.008216362722573312	221.077	221.3	220.75	27052681.9387	1735	220.8	122401	1384891.36	77	220.8	6265
2018-10-24	10:06	221.149	-0.008713854760122408	221.35	221.4	10:06 AM	221.01	221.172	-0.007520821367030514	221.34	221.405	221.0	24876802.384	1117	221.06	112477	786848.185	39	221.08	3558
2018-10-24	10:07	221.366	-0.007741166240088105	221.16	221.52	10:07 AM	221.15	221.346	-0.006740020103388899	221.23	221.53	221.12	27194382.5653	1338	221.35	122859	940363.03	45	221.45	4248
2018-10-24	10:08	221.519	-0.007055353596930356	221.9	221.9	10:08 AM	221.19	221.515	-0.005981655657668127	221.92	221.92	221.15	27432013.6698	1590	221.215	123838	789494.28	38	221.19	3564
2018-10-24	10:09	221.777	-0.0058988852182722115	221.71	221.84	10:09 AM	221.68	221.782	-0.004783529580700757	221.7	221.92	221.65	14832553.187	709	221.91	66879	357060.69	21	221.79	1610
2018-10-24	10:10	221.911	-0.00529823885106206	222.04	222.15	10:10 AM	221.67	221.948	-0.004038627225732363	222.04	222.17	221.395	27010412.9083	1246	221.74	121697	557661.16	28	221.7	2513
2018-10-24	10:11	222.182	-0.004083498809913361	222.28	222.29	10:11 AM	222.02	222.194	-0.0029347357840322765	222.17	222.3	222.01	21625712.8164	1033	222.05	97328	517462.2	29	222.07	2329
2018-10-24	10:12	222.059	-0.004634838385785264	222.0	222.14	10:12 AM	221.95	222.109	-0.0033161616886846833	222.156	222.25	221.92	19981797.4028	929	222.17	89964	288676.13	14	222.13	1300
2018-10-24	10:13	221.854	-0.005553737678905102	221.88	221.99	10:13 AM	221.79	221.869	-0.004393128948880014	221.85	222.05	221.78	20336986.0532	1054	222.035	91662	660681.06	33	221.99	2978
2018-10-24	10:14	221.738	-0.006073700205743747	221.49	221.86	10:14 AM	221.49	221.627	-0.005479070936243554	221.274	221.9	221.27	23378103.7962	1010	221.84	105484	470306.33	23	221.86	2121
2018-10-24	10:15	221.403	-0.0075753161237690015	221.31	221.61	10:15 AM	221.24	221.412	-0.006443854106835184	221.3	221.63	221.21	25810265.4928	1156	221.28	116571	742364.065	41	221.285	3353
2018-10-24	10:16	221.16	-0.008664547968784287	221.31	221.39	10:16 AM	220.92	221.145	-0.007641980183802425	221.26	221.4	220.9	21559455.8993	1269	221.3	97490	330855.6	20	220.95	1496
2018-10-24	10:17	221.25	-0.008261128766926749	221.28	221.32	10:17 AM	221.08	221.209	-0.0073547889144170465	221.29	221.35	221.06	13384016.789	623	221.29	60504	266606.35	12	221.31	1205
2018-10-24	10:18	221.34	-0.007857709565069213	221.34	221.5	10:18 AM	221.245	221.36	-0.006677197013210796	221.34	221.52	221.23	14583226.7145	780	221.3	65880	766056.77	40	221.29	3461
2018-10-24	10:19	221.235	-0.008328365300569608	221.14	221.35	10:19 AM	221.11	221.241	-0.007211193279724293	221.14	221.378	221.11	16400833.8429	778	221.34	74131	938038.02	39	221.35	4240
2018-10-24	10:20	220.952	-0.009596894568632773	220.76	221.16	10:20 AM	220.73	220.935	-0.00858432653647334	220.775	221.16	220.71	38598552.5356	1409	221.15	174705	244593.32	12	221.04	1107
2018-10-24	10:21	220.99	-0.009426562016737326	221.0	221.05	10:21 AM	220.76	220.948	-0.008525990809879406	220.96	221.09	220.76	16010120.6857	888	220.791	72461	541204.27	35	220.76	2449
2018-10-24	10:22	220.901	-0.009825498783018647	220.9	220.99	10:22 AM	220.81	220.908	-0.008705485353245378	220.9	221.255	220.77	12526380.129	589	220.97	56704	411539.39	19	220.99	1863
2018-10-24	10:23	221.214	-0.008422496447669764	221.29	221.36	10:23 AM	221.01	221.192	-0.007431074095347528	221.33	221.38	220.915	23170312.3927	1029	220.92	104752	381373.87	23	221.01	1724
2018-10-24	10:24	221.227	-0.00836422478517921	221.2	221.33	10:24 AM	221.15	221.213	-0.0073368394600805	221.1	221.35	221.09	10352992.5087	496	221.3	46801	357060.19	18	221.33	1614
2018-10-24	10:25	221.337	-0.007871156871797862	221.375	221.59	10:25 AM	221.16	221.385	-0.006565012923607222	221.36	221.73	221.1	28173487.0716	1779	221.1	127260	604470.86	51	221.16	2731
2018-10-24	10:26	221.312	-0.007983217761202626	221.41	221.41	10:26 AM	221.26	221.315	-0.006879128374497484	221.39	221.44	221.26	9670571.2946	340	221.39	43696	263361.4	12	221.33	1190
2018-10-24	10:27	221.245	-0.008283540944807703	221.09	221.4	10:27 AM	221.09	221.249	-0.007175294371051201	221.136	221.41	221.06	14454212.6594	773	221.4	65330	450013.18	24	221.4	2034
2018-10-24	10:28	221.164	-0.008646618226479549	221.11	221.22	10:28 AM	221.11	221.151	-0.007615056002297542	221.08	221.25	221.072	8037306.7381	379	221.13	36343	298571.0	13	221.19	1350
2018-10-24	10:29	221.096	-0.008951423845660715	221.15	221.17	10:29 AM	220.97	221.092	-0.007879810453762206	221.09	221.23	220.96	14079363.9247	809	221.1	63681	432905.23	20	220.97	1958
2018-10-24	10:30	220.746	-0.010520276297328827	220.63	220.97	10:30 AM	220.57	220.762	-0.009360640436530785	220.62	221.187	220.53	34084832.1281	1409	221.09	154396	475044.675	23	220.97	2152
2018-10-24	10:31	221.18	-0.008574899257260347	221.27	221.37	10:31 AM	220.63	221.096	-0.00786186099942566	221.271	221.4	220.63	21892253.2157	1033	220.63	99017	389055.39	26	220.63	1759
2018-10-24	10:32	221.082	-0.009014177943727485	220.94	221.18	10:32 AM	220.94	220.992	-0.008328546812177012	221.055	221.275	220.82	13270346.0719	621	221.27	60049	243411.03	14	221.18	1101
2018-10-24	10:33	221.121	-0.008839362956255823	221.2	221.23	10:33 AM	220.97	221.088	-0.00789775990809888	221.12	221.23	220.93	8792019.9218	473	221.05	39767	348265.59	14	221.0	1575
2018-10-24	10:34	221.024	-0.009274159207146743	221.16	221.16	10:34 AM	220.95	221.028	-0.008167001723147712	221.26	221.26	220.86	11937082.2392	593	221.14	54007	361153.25	16	221.13	1634
2018-10-24	10:35	221.387	-0.007647035092988076	221.53	221.55	10:35 AM	221.24	221.42	-0.006407955198162091	221.521	221.58	221.212	21760974.5186	998	221.25	98279	307507.03	18	221.25	1389
2018-10-24	10:36	221.505	-0.007118107694997126	221.41	221.56	10:36 AM	221.41	221.496	-0.006066915565766818	221.42	221.57	221.37	11421886.929	669	221.49	51567	360388.27	21	221.54	1627
2018-10-24	10:37	221.333	-0.007889086614102599	221.34	221.37	10:37 AM	221.25	221.327	-0.0068252800114877174	221.34	221.45	221.22	12493472.232	651	221.439	56448	409245.71	19	221.32	1849
2018-10-24	10:38	221.19	-0.00853007490149844	221.01	221.37	10:38 AM	221.01	221.148	-0.007628518093050048	221.02	221.4	220.99	13102157.2523	597	221.34	59246	411855.44	23	221.37	1862
2018-10-24	10:39	221.099	-0.008937976538932194	221.01	221.27	10:39 AM	221.01	221.11	-0.007799037909247557	221.025	221.27	220.95	10919276.6316	558	221.03	49384	437775.69	24	221.04	1980
2018-10-24	10:40	221.028	-0.009256229464842006	221.0	221.14	10:40 AM	220.96	221.02	-0.008202900631820805	221.06	221.203	220.92	11983471.6456	735	221.0	54219	203566.37	11	220.98	921
2018-10-24	10:41	221.344	-0.007839779822764476	221.44	221.52	10:41 AM	221.2	221.391	-0.006538088742102339	221.44	221.55	221.06	14507096.5764	863	221.06	65527	468807.34	25	221.23	2118
2018-10-24	10:42	221.379	-0.007682894577597678	221.4	221.43	10:42 AM	221.26	221.377	-0.006600911832280314	221.31	221.49	221.25	13335750.4872	763	221.44	60240	497881.19	26	221.43	2249
2018-10-24	10:43	221.4	-0.007588763430497522	221.47	221.48	10:43 AM	221.22	221.39	-0.006542576105686507	221.509	221.54	221.21	9891246.417	626	221.28	44678	646488.74	30	221.28	2920
2018-10-24	10:44	221.28	-0.008126655699640904	221.13	221.46	10:44 AM	221.13	221.337	-0.0067804063756462885	221.13	221.52	221.13	7332890.1507	562	221.5	33130	308685.7	14	221.46	1395
2018-10-24	10:45	221.07	-0.009067967170641823	220.98	221.24	10:45 AM	220.95	221.079	-0.007938146180356142	220.97	221.319	220.95	17110882.1927	887	221.15	77397	643314.8	28	221.15	2910
2018-10-24	10:46	221.125	-0.008821433213951084	221.195	221.21	10:46 AM	220.96	221.109	-0.007803525272831725	221.21	221.24	220.92	12371523.6347	676	220.96	55952	487359.6	26	220.96	2204
2018-10-24	10:47	221.098	-0.008942458974508282	221.075	221.185	10:47 AM	220.96	221.097	-0.007857373635841491	221.04	221.25	220.95	14011355.4913	680	221.195	63372	1036950.6	35	221.185	4690
2018-10-24	10:48	221.185	-0.008552487079379395	221.26	221.31	10:48 AM	221.06	221.22	-0.007305427914991448	221.25	221.349	221.04	17588731.4183	810	221.07	79508	1036030.765	43	221.1	4684
2018-10-24	10:49	221.242	-0.00829698825153635	221.32	221.37	10:49 AM	221.16	221.249	-0.007175294371051201	221.33	221.38	221.13	10793213.2946	547	221.24	48783	799347.21	32	221.2	3613
2018-10-24	10:50	221.272	-0.008162515184250506	221.235	221.4	10:50 AM	221.18	221.262	-0.007116958644457265	221.26	221.4	221.15	9698147.515	410	221.35	43831	1041086.1	29	221.35	4705
2018-10-24	10:51	221.322	-0.007938393405440721	221.26	221.39	10:51 AM	221.18	221.262	-0.007116958644457265	221.2	221.39	221.16	10471202.3154	551	221.25	47325	1047737.87	42	221.25	4734
2018-10-24	10:52	221.103	-0.00892004679662733	221.065	221.2	10:52 AM	221.02	221.091	-0.007884297817346375	220.97	221.24	220.97	14967626.7619	765	221.2	67699	746001.205	40	221.2	3374
2018-10-24	10:53	220.903	-0.009816533911866342	220.95	220.99	10:53 AM	220.81	220.888	-0.008795232624928238	220.93	220.99	220.8	16262199.5358	653	220.97	73622	280326.08	13	220.81	1269
2018-10-24	10:54	221.051	-0.009153133446589546	221.04	221.14	10:54 AM	220.97	221.056	-0.008041355542791506	221.03	221.15	220.93	12247155.1803	555	220.94	55403	513943.5	23	221.02	2325
2018-10-24	10:55	220.976	-0.009489316114804096	220.9	221.03	10:55 AM	220.9	220.941	-0.008557402354968456	220.82	221.07	220.817	10923086.6135	483	221.03	49439	243957.05	15	221.03	1104
2018-10-24	10:56	220.832	-0.010134786837776156	220.83	220.99	10:56 AM	220.79	220.851	-0.008961265077541705	220.855	221.01	220.77	12391058.2777	647	220.82	56106	794996.0	24	220.81	3600
2018-10-24	10:57	220.839	-0.01010340978874277	220.76	220.88	10:57 AM	220.73	220.802	-0.00918114589316494	220.775	220.92	220.73	11175443.3836	519	220.85	50613	727224.22	17	220.73	3293
2018-10-24	10:58	220.775	-0.010390285665619198	220.765	220.87	10:58 AM	220.71	220.759	-0.009374102527283292	220.687	220.91	220.66	13806733.4497	459	220.77	62542	860361.94	18	220.76	3897
2018-10-24	10:59	220.671	-0.010856458965543506	220.6	220.76	10:59 AM	220.545	220.629	-0.009957459793222387	220.54	220.79	220.51	13245042.0456	653	220.699	60033	603315.7	28	220.71	2734
2018-10-24	11:00	220.64	-0.010995414468405566	220.69	220.79	11 AM	220.45	220.607	-0.010056181792073583	220.69	220.82	220.41	20466123.3771	910	220.55	92772	595728.89	29	220.51	2700
2018-10-24	11:01	220.842	-0.010089962482014122	220.79	220.92	11:01 AM	220.64	220.825	-0.009077936530729575	220.799	220.94	220.63	11020724.3526	548	220.712	49907	432630.15	23	220.7	1959
2018-10-24	11:02	220.595	-0.011197124069334272	220.15	220.87	11:02 AM	220.14	220.415	-0.010917755600229848	220.17	220.87	220.13	23115824.3407	1169	220.77	104874	590533.54	27	220.83	2677
2018-10-24	11:03	220.016	-0.013792454267951027	220.025	220.16	11:03 AM	219.79	219.993	-0.012811423032739886	220.0	220.367	219.58	46663158.7383	2063	220.16	212112	1214268.39	62	220.16	5519
2018-10-24	11:04	219.915	-0.014245180261146686	219.89	220.08	11:04 AM	219.83	219.974	-0.012896682940838703	219.8	220.25	219.77	23748128.1456	1114	220.01	107959	709665.93	29	219.925	3227
2018-10-24	11:05	219.78	-0.014850309063932926	219.81	219.87	11:05 AM	219.7	219.765	-0.01383454192992545	219.838	219.9	219.64	19875540.1023	1070	219.79	90440	530547.98	28	219.77	2414
2018-10-24	11:06	219.623	-0.01555405144939554	219.34	219.79	11:06 AM	219.3	219.502	-0.015014718552556018	219.338	219.83	219.19	35504316.464	1952	219.83	161749	1027178.55	45	219.745	4677
2018-10-24	11:07	219.502	-0.01609642615411501	219.38	219.61	11:07 AM	219.38	219.504	-0.015005743825387809	219.37	219.67	219.33	24446414.139	1022	219.33	111371	668163.82	26	219.43	3044
2018-10-24	11:08	219.247	-0.017239447226044632	219.35	219.38	11:08 AM	219.06	219.183	-0.016446187535899	219.35	219.622	218.92	28655514.8004	1329	219.38	130738	651820.31	33	219.38	2973
2018-10-24	11:09	219.359	-0.01673741444151085	219.15	219.58	11:09 AM	219.08	219.335	-0.015764108271108582	219.15	219.6	219.06	20427516.5124	1210	219.31	93134	818867.02	34	219.32	3733
2018-10-24	11:10	219.35	-0.01677775636169667	219.43	219.5	11:10 AM	219.15	219.36	-0.015651924181504878	219.499	219.714	219.12	13445674.1105	763	219.16	61295	696655.1	35	219.21	3176
2018-10-24	11:11	219.513	-0.016047119362776887	219.56	219.64	11:11 AM	219.4	219.55	-0.014799325100516951	219.56	219.69	219.39	22947375.051	1126	219.5	104520	440562.82	23	219.5	2007
2018-10-24	11:12	219.503	-0.01609194371853892	219.45	219.59	11:12 AM	219.43	219.5	-0.015023693279724354	219.45	219.61	219.42	11658064.7378	719	219.55	53112	746309.25	27	219.47	3400
2018-10-24	11:13	219.548	-0.015890234117610088	219.6	219.62	11:13 AM	219.42	219.546	-0.014817274554853625	219.64	219.67	219.41	11684889.8394	792	219.46	53223	447659.17	25	219.48	2039
2018-10-24	11:14	219.346	-0.016795686104001405	219.23	219.49	11:14 AM	219.23	219.384	-0.015544227455485473	219.28	219.637	219.21	18571744.7182	896	219.62	84654	366966.43	25	219.49	1673
2018-10-24	11:15	219.38	-0.016643283294410824	219.42	219.5	11:15 AM	219.23	219.384	-0.015544227455485473	219.392	219.5	219.21	11583709.2457	803	219.3	52801	811046.72	51	219.31	3697
2018-10-24	11:16	219.529	-0.015975400393557812	219.49	219.63	11:16 AM	219.32	219.518	-0.014942920735209704	219.49	219.63	219.29	14974872.5971	820	219.36	68217	904897.68	57	219.39	4122
2018-10-24	11:17	219.347	-0.01679120366842519	219.25	219.46	11:17 AM	219.245	219.326	-0.01580449454336597	219.28	219.48	219.195	14783018.2507	834	219.48	67402	676026.285	50	219.45	3082
2018-10-24	11:18	219.315	-0.01693464160686347	219.44	219.465	11:18 AM	219.18	219.289	-0.015970526995979437	219.41	219.48	219.15	16440765.7655	879	219.25	74973	923534.735	50	219.25	4211
2018-10-24	11:19	219.163	-0.017615971814445002	219.12	219.46	11:19 AM	218.97	219.091	-0.01685902498564046	219.03	219.48	218.95	24069966.9068	1034	219.44	109863	895939.275	56	219.44	4088
2018-10-24	11:20	219.097	-0.017911812562473862	219.03	219.165	11:20 AM	219.0	219.09	-0.016863512349224626	219.04	219.19	218.98	16514818.5018	762	219.03	75379	525834.2	33	219.07	2400
2018-10-24	11:21	219.385	-0.01662087111652987	219.45	219.64	11:21 AM	219.01	219.386	-0.015535252728317137	219.47	219.65	218.97	18947009.5223	1248	219.01	86364	1037692.595	72	219.01	4730
2018-10-24	11:22	219.291	-0.017042220060692146	219.42	219.51	11:22 AM	219.12	219.339	-0.015746158816772035	219.41	219.55	219.12	13427710.3566	831	219.485	61219	799098.18	51	219.485	3644
2018-10-24	11:23	219.712	-0.015155114683114219	219.785	219.83	11:23 AM	219.42	219.696	-0.014144170017231544	219.77	219.83	219.305	23743179.8406	1116	219.425	108073	1199849.93	64	219.44	5461
2018-10-24	11:24	219.487	-0.016163662687757995	219.365	219.8	11:24 AM	219.19	219.447	-0.015261523549684136	219.397	219.81	219.18	23199734.7999	1091	219.76	105719	1220347.565	67	219.75	5560
2018-10-24	11:25	219.404	-0.016535704840582147	219.29	219.65	11:25 AM	219.24	219.398	-0.01548140436530737	219.25	219.66	219.2	16590241.644	994	219.384	75617	880028.79	56	219.455	4011
2018-10-24	11:26	219.235	-0.017293236452958972	219.16	219.3	11:26 AM	219.115	219.228	-0.016244256174612313	219.151	219.31	219.096	15282375.3205	911	219.249	69710	1605022.545	82	219.25	7321
2018-10-24	11:27	219.455	-0.01630710062619615	219.66	219.72	11:27 AM	219.17	219.451	-0.015243574095347589	219.693	219.77	219.164	20596598.9585	1074	219.164	93855	792671.47	53	219.17	3612
2018-10-24	11:28	219.548	-0.015890234117610088	219.45	219.7	11:28 AM	219.43	219.556	-0.014772400919012068	219.44	219.74	219.41	13871092.2344	991	219.69	63178	698383.79	55	219.7	3181
2018-10-24	11:29	219.306	-0.016974983527049157	219.23	219.49	11:29 AM	219.15	219.294	-0.015948090178058594	219.238	219.52	219.11	15765906.7694	801	219.44	71894	896305.32	45	219.42	4087
2018-10-24	11:30	219.267	-0.017149798514520823	219.23	219.35	11:30 AM	219.17	219.266	-0.016073736358414803	219.14	219.46	219.11	12650776.4049	806	219.218	57696	712397.6	36	219.26	3249
2018-10-24	11:31	219.269	-0.017140833643368387	219.24	219.35	11:31 AM	219.15	219.231	-0.016230794083859933	219.12	219.41	219.1	10903008.5968	658	219.18	49733	352365.49	20	219.23	1607
2018-10-24	11:32	219.089	-0.017947672047083463	219.07	219.17	11:32 AM	219.0	219.07	-0.016953259620907612	219.08	219.23	218.96	25004468.5949	1127	219.14	114139	347912.76	18	219.1	1588
2018-10-24	11:33	219.13	-0.017763892188459494	219.06	219.25	11:33 AM	219.05	219.142	-0.016630169442849015	219.104	219.282	219.01	14143446.718	842	219.08	64540	476608.68	26	219.14	2175
2018-10-24	11:34	219.305	-0.016979465962625374	219.46	219.46	11:34 AM	219.1	219.296	-0.015939115450890384	219.44	219.48	219.04	19352172.0072	1059	219.09	88247	561858.75	31	219.19	2562
2018-10-24	11:35	219.396	-0.01657156432519175	219.38	219.52	11:35 AM	219.34	219.441	-0.01528844773118902	219.26	219.56	219.256	15224815.332	874	219.43	69380	335017.68	20	219.34	1527
2018-10-24	11:36	219.309	-0.016961536220320636	219.46	219.46	11:36 AM	219.2	219.319	-0.01583590608845502	219.46	219.5	219.17	9480923.6784	672	219.3	43229	344095.5	21	219.27	1569
2018-10-24	11:37	219.554	-0.01586333950415292	219.75	219.75	11:37 AM	219.4	219.569	-0.01471406519241826	219.78	219.79	219.4	17897548.3553	922	219.49	81512	775243.67	42	219.54	3531
2018-10-24	11:38	219.782	-0.014841344192780494	219.92	219.94	11:38 AM	219.62	219.777	-0.013780693566915683	219.949	219.97	219.492	18068102.8387	702	219.764	82211	336047.1	18	219.76	1529
2018-10-24	11:39	219.775	-0.01487272124181388	219.78	219.89	11:39 AM	219.69	219.777	-0.013780693566915683	219.803	219.95	219.68	13814306.1648	720	219.94	62856	543943.54	25	219.88	2475
2018-10-24	11:40	219.777	-0.014863756370661575	219.8	219.86	11:40 AM	219.62	219.745	-0.01392428920160831	219.8	219.87	219.417	16723274.3199	859	219.82	76103	451421.26	24	219.82	2054
2018-10-24	11:41	219.77	-0.014895133419694832	219.735	219.92	11:41 AM	219.63	219.793	-0.013708895749569242	219.82	219.94	219.63	12501606.2061	646	219.79	56879	594037.32	31	219.79	2703
2018-10-24	11:42	219.75	-0.014984782131218772	219.69	219.83	11:42 AM	219.67	219.732	-0.013982624928202243	219.66	219.87	219.66	8352254.5697	571	219.83	38011	264798.39	13	219.83	1205
2018-10-24	11:43	219.586	-0.015719901565714643	219.4	219.7	11:43 AM	219.4	219.566	-0.014727527283170639	219.41	219.73	219.38	13859471.3227	716	219.65	63122	202019.0	10	219.7	920
2018-10-24	11:44	219.545	-0.015903681424338737	219.58	219.64	11:44 AM	219.44	219.529	-0.014893559735784106	219.49	219.64	219.39	9809668.2774	599	219.4	44685	441066.08	21	219.44	2009
2018-10-24	11:45	219.754	-0.014966852388914036	219.95	219.95	11:45 AM	219.53	219.758	-0.013865953475014374	219.95	219.98	219.5	22456415.2088	976	219.502	102187	610036.44	30	219.59	2776
2018-10-24	11:46	220.046	-0.01365798120066518	219.995	220.16	11:46 AM	219.92	219.933	-0.013080664847788718	219.722	220.18	219.722	41565714.9739	1202	219.962	188993	687204.99	39	219.92	3123
2018-10-24	11:47	219.877	-0.014415512813042005	220.11	220.11	11:47 AM	219.76	219.924	-0.01312105112004598	220.149	220.17	219.735	21579204.8056	1019	219.95	98121	794196.76	43	219.9	3612
2018-10-24	11:48	220.329	-0.012389451932602017	220.37	220.47	11:48 AM	220.11	220.319	-0.01134854250430798	220.34	220.6	220.089	35925027.0625	1854	220.15	163059	1171710.055	65	220.13	5318
2018-10-24	11:49	220.354	-0.012277391043197125	220.32	220.43	11:49 AM	220.3	220.363	-0.01115109850660546	220.34	220.445	220.092	15964227.587	630	220.33	72445	494915.83	25	220.32	2246
2018-10-24	11:50	220.091	-0.01345627159973635	220.0	220.33	11:50 AM	219.92	220.127	-0.012210116312464117	219.96	220.35	219.876	17304382.4911	876	220.34	78611	1119605.52	47	220.33	5087
2018-10-24	11:51	220.089	-0.013465236470888781	220.14	220.17	11:51 AM	220.02	220.094	-0.012358199310741039	220.128	220.209	219.988	7162079.1614	384	219.99	32541	352143.0	17	220.02	1600
2018-10-24	11:52	220.285	-0.012586679097954632	220.3	220.32	11:52 AM	220.13	220.274	-0.01155047386559454	220.42	220.42	220.1	11609978.0312	490	220.12	52707	1540675.28	28	220.13	6994
2018-10-24	11:53	220.557	-0.011367456621229718	220.69	220.73	11:53 AM	220.36	220.569	-0.01022670160827122	220.69	220.77	220.36	19890249.1904	804	220.403	90177	757614.915	39	220.39	3435
2018-10-24	11:54	220.838	-0.010107892224318986	220.97	220.97	11:54 AM	220.71	220.847	-0.008979214531878252	220.97	220.99	220.71	22760759.5621	937	220.73	103061	687911.68	37	220.75	3115
2018-10-24	11:55	221.272	-0.008162515184250506	221.45	221.48	11:55 AM	220.98	221.179	-0.007489409821941463	221.45	221.49	220.37	34136498.5901	1359	220.99	154339	799897.07	38	220.98	3615
2018-10-24	11:56	221.306	-0.008010112374659796	221.18	221.47	11:56 AM	221.11	221.271	-0.007076572372200004	221.18	221.48	221.102	28194152.4179	1486	221.476	127419	1138621.31	55	221.47	5145
2018-10-24	11:57	221.178	-0.008583864128412779	221.2	221.25	11:57 AM	221.14	221.203	-0.007381713095921929	221.22	221.3	221.02	9666117.7765	455	221.16	43698	265413.0	13	221.16	1200
2018-10-24	11:58	221.424	-0.007481184976668846	221.49	221.59	11:58 AM	221.25	221.456	-0.006246410109132791	221.53	221.67	221.21	34298931.607	1388	221.21	154879	1038038.34	52	221.27	4688
2018-10-24	11:59	221.505	-0.007118107694997126	221.56	221.56	11:59 AM	221.37	221.486	-0.006111789201608375	221.54	221.62	221.37	15200376.4603	598	221.52	68629	453862.78	23	221.51	2049
2018-10-24	12:00	221.49	-0.007185344228639985	221.41	221.59	12 PM	221.38	221.471	-0.0061790996553705195	221.42	221.6	221.36	12091213.2626	581	221.53	54595	337772.25	17	221.45	1525
2018-10-24	12:01	221.476	-0.007248098326706756	221.49	221.54	12:01 PM	221.425	221.506	-0.006022041929925388	221.46	221.58	221.39	14882092.7778	527	221.41	67186	693220.37	31	221.48	3130
2018-10-24	12:02	221.439	-0.007413948443025987	221.44	221.51	12:02 PM	221.4	221.444	-0.006300258472142558	221.46	221.551	217.832	14315052.874	582	221.46	64644	528132.59	23	221.45	2385
2018-10-24	12:03	221.523	-0.0070374238546256195	221.51	221.66	12:03 PM	221.45	221.544	-0.005851522113727752	221.46	221.66	221.419	18938899.6419	737	221.46	85486	403393.12	19	221.48	1821
2018-10-24	12:04	221.312	-0.007983217761202626	221.25	221.5	12:04 PM	221.2	221.299	-0.006950926191843797	221.25	221.5	221.19	15424546.3784	795	221.463	69700	600862.07	31	221.5	2715
2018-10-24	12:05	221.217	-0.008409049140941116	221.1	221.295	12:05 PM	221.1	221.209	-0.0073547889144170465	221.12	221.34	221.09	10172322.2129	491	221.26	45985	304615.41	18	221.26	1377
2018-10-24	12:06	221.123	-0.008830398085103518	221.17	221.17	12:06 PM	221.06	221.104	-0.007825962090752439	221.18	221.18	221.06	7977877.6639	345	221.11	36082	323503.67	16	221.09	1463
2018-10-24	12:07	221.327	-0.007915981227559767	221.39	221.4	12:07 PM	221.23	221.31	-0.006901565192418199	221.4	221.41	221.19	11235712.3983	483	221.19	50769	794786.21	35	221.29	3591
2018-10-24	12:08	221.312	-0.007983217761202626	221.08	221.45	12:08 PM	221.08	221.302	-0.006937464101091419	221.109	221.46	221.08	14580023.1069	573	221.41	65883	1047028.65	40	221.34	4731
2018-10-24	12:09	220.965	-0.009538622906142219	220.88	221.195	12:09 PM	220.8	220.969	-0.008431756174612377	220.88	221.23	220.8	16862616.3245	665	221.1	76312	669744.24	35	221.14	3031
2018-10-24	12:10	220.926	-0.009713437893613881	220.87	220.99	12:10 PM	220.82	220.916	-0.008669586444572159	220.89	221.118	220.8	13086824.7412	543	220.909	59239	1409950.785	61	220.91	6382
2018-10-24	12:11	220.991	-0.00942207958116111	221.07	221.07	12:11 PM	220.81	221.0	-0.008292647903503793	221.12	221.14	220.81	11119175.2588	580	220.93	50313	1176557.51	52	220.92	5324
2018-10-24	12:12	220.877	-0.009933077236847323	220.885	221.075	12:12 PM	220.81	220.936	-0.00857983917288917	220.885	221.123	220.8	10504864.455	466	221.11	47547	1463751.63	38	221.075	6627
2018-10-24	12:13	220.944	-0.009632754053242374	220.97	220.99	12:13 PM	220.92	220.94	-0.008561889718552625	220.93	221.02	220.895	4763015.6205	321	220.895	21558	231991.5	10	220.99	1050
2018-10-24	12:14	221.087	-0.008991765765846533	221.21	221.26	12:14 PM	220.93	221.105	-0.007821474727168399	221.24	221.27	220.88	7191213.4461	396	220.93	32524	589859.28	28	220.93	2668
2018-10-24	12:15	221.471	-0.007270510504587709	221.58	221.61	12:15 PM	221.09	221.43	-0.0063630815623205335	221.573	221.61	221.056	18630054.2131	827	221.21	84135	1432476.2	54	221.15	6468
2018-10-24	12:16	221.544	-0.006943292707525464	221.42	221.65	12:16 PM	221.41	221.541	-0.005864984204480257	221.47	221.66	221.38	10422379.5852	478	221.58	47045	1097753.15	48	221.58	4955
2018-10-24	12:17	221.241	-0.00830147068711244	221.19	221.41	12:17 PM	221.12	221.259	-0.007130420735209771	221.141	221.46	221.11	11879186.9994	528	221.46	53689	480314.53	21	221.41	2171
2018-10-24	12:18	221.06	-0.00911279152640373	221.0	221.18	12:18 PM	220.98	221.071	-0.007974045089029361	220.97	221.23	220.94	13166137.6612	621	221.185	59556	1128510.29	37	221.18	5105
2018-10-24	12:19	220.877	-0.009933077236847323	220.91	221.03	12:19 PM	220.81	220.89	-0.008786257897760028	220.93	221.04	220.8	9530288.6054	588	221.0	43145	528338.72	23	221.03	2392
2018-10-24	12:20	220.928	-0.00970447302246145	220.96	220.99	12:20 PM	220.875	220.952	-0.008508041355542858	220.97	221.02	220.85	7449392.1386	338	220.93	33715	1166940.555	25	220.91	5282
2018-10-24	12:21	221.053	-0.009144168575437114	221.1	221.15	12:21 PM	220.97	221.054	-0.008050330269959842	221.08	221.16	220.96	10233472.407	580	220.97	46294	885097.54	39	220.97	4004
2018-10-24	12:22	220.941	-0.009646201359970895	220.86	221.12	12:22 PM	220.82	220.963	-0.00845868035611726	220.85	221.168	220.81	9404641.4265	558	221.05	42562	718058.5	31	221.1	3250
2018-10-24	12:23	220.776	-0.010385803230042982	220.78	220.87	12:23 PM	220.72	220.786	-0.009252943710511254	220.78	220.89	220.69	12459638.9298	569	220.85	56433	1259750.775	48	220.8	5706
2018-10-24	12:24	220.809	-0.010237882856028616	220.91	220.91	12:24 PM	220.72	220.811	-0.009140759620907551	220.91	220.93	220.7	8975323.7604	343	220.765	40647	530382.25	24	220.765	2402
2018-10-24	12:25	221.051	-0.009153133446589546	221.09	221.12	12:25 PM	220.87	221.028	-0.008167001723147712	221.06	221.13	220.85	6368250.1202	386	220.9	28812	626237.14	28	220.895	2833
2018-10-24	12:26	221.001	-0.009377255225399204	220.99	221.06	12:26 PM	220.95	221.02	-0.008202900631820805	221.09	221.09	220.864	7122587.5476	383	221.06	32226	508302.0	18	220.99	2300
2018-10-24	12:27	221.237	-0.008319400429417305	221.23	221.27	12:27 PM	221.19	221.235	-0.007238117461229176	221.25	221.3	221.102	16559852.4012	666	221.112	74852	1011274.33	44	221.255	4571
2018-10-24	12:28	221.197	-0.008498697852465056	221.29	221.29	12:28 PM	221.13	221.222	-0.007296453187823111	221.25	221.32	221.13	7739003.5439	451	221.22	34983	707830.25	32	221.16	3200
2018-10-24	12:29	221.16	-0.008664547968784287	221.18	221.27	12:29 PM	221.09	221.175	-0.007507359276278009	221.18	221.29	221.07	5594850.9347	314	221.2	25296	632737.39	28	221.23	2861
2018-10-24	12:30	221.163	-0.008651100662055638	220.985	221.3	12:30 PM	220.95	221.165	-0.007552232912119566	221.01	221.31	220.95	8187288.637	440	221.162	37019	615497.59	28	221.16	2783
2018-10-24	12:31	220.935	-0.009673095973428063	220.89	221.02	12:31 PM	220.83	220.886	-0.008804207352096574	220.887	221.081	220.79	8678593.5969	293	220.97	39290	472137.13	24	220.96	2137
2018-10-24	12:32	220.886	-0.009892735316661632	220.89	220.94	12:32 PM	220.85	220.876	-0.008849080987938004	220.881	221.13	220.8	5233653.9367	200	220.9	23695	115965.25	7	220.94	525
2018-10-24	12:33	220.907	-0.009798604169561478	220.91	220.97	12:33 PM	220.89	220.905	-0.008718947443997756	220.91	220.97	220.86	6165908.256	204	220.87	27912	183795.04	9	220.9	832
2018-10-24	12:34	220.912	-0.009776191991680524	220.9	221.03	12:34 PM	220.87	220.928	-0.008615738081562392	220.93	221.03	220.86	4350301.2166	397	220.9	19691	245433.75	16	220.88	1111
2018-10-24	12:35	220.891	-0.00987032313878068	220.98	220.98	12:35 PM	220.8	220.888	-0.008795232624928238	220.97	221.02	220.76	10470115.2798	426	220.95	47400	332661.88	16	220.93	1506
2018-10-24	12:36	220.823	-0.010175128757961845	220.65	220.94	12:36 PM	220.62	220.732	-0.009495261344055202	220.64	220.96	220.598	11172145.1562	566	220.96	50614	350446.57	17	220.94	1587
2018-10-24	12:37	220.469	-0.011761910951934823	220.46	220.57	12:37 PM	220.43	220.485	-0.010603640149339457	220.5	220.66	220.37	21841273.4943	864	220.634	99060	578731.0	26	220.56	2625
2018-10-24	12:38	220.479	-0.01171708659617279	220.42	220.55	12:38 PM	220.38	220.474	-0.010653001148765183	220.42	220.674	220.36	8981651.8678	430	220.49	40738	397082.87	21	220.49	1801
2018-10-24	12:39	220.434	-0.01191879619710162	220.47	220.54	12:39 PM	220.34	220.465	-0.010693387421022445	220.472	220.671	220.32	13610416.2682	581	220.41	61735	278188.275	15	220.37	1262
2018-10-24	12:40	220.449	-0.011851559663458635	220.54	220.56	12:40 PM	220.38	220.521	-0.010442095060310285	220.5	220.62	220.37	6623566.0725	275	220.48	30036	108901.96	8	220.42	494
2018-10-24	12:41	220.577	-0.011277807909705779	220.6	220.65	12:41 PM	220.515	220.57	-0.01022221424468705	220.59	220.65	220.495	9434233.5711	398	220.53	42772	287191.84	16	220.53	1302
2018-10-24	12:42	220.46	-0.011802252872120512	220.32	220.595	12:42 PM	220.31	220.442	-0.01079659678345781	220.32	220.61	220.3	8694224.7514	412	220.61	39440	245372.63	13	220.595	1113
2018-10-24	12:43	220.218	-0.01288700228155971	220.26	220.35	12:43 PM	220.14	220.26	-0.011613296955772644	220.27	220.38	220.13	14046419.8292	680	220.358	63772	595470.785	27	220.275	2704
2018-10-24	12:44	220.352	-0.012286355914349557	220.38	220.45	12:44 PM	220.26	220.383	-0.011061351234922473	220.36	220.46	220.25	7782160.6414	302	220.26	35312	433432.87	20	220.27	1967
2018-10-24	12:45	220.304	-0.01250151282200691	220.31	220.35	12:45 PM	220.255	220.301	-0.011429315048822629	220.325	220.41	220.25	8171394.0147	319	220.36	37092	457130.35	16	220.34	2075
2018-10-24	12:46	220.342	-0.012331180270111462	220.41	220.42	12:46 PM	220.25	220.312	-0.011379954049396904	220.44	220.44	220.21	7102430.2063	310	220.34	32238	428123.83	12	220.355	1943
2018-10-24	12:47	220.334	-0.012367039754721063	220.31	220.41	12:47 PM	220.29	220.353	-0.01119597214244689	220.4	220.45	220.26	5152068.2084	234	220.44	23381	198301.0	9	220.41	900
2018-10-24	12:48	220.382	-0.01215188284706371	220.42	220.42	12:48 PM	220.35	220.394	-0.011011990235496875	220.39	220.48	220.31	6044973.5404	249	220.38	27428	225671.12	10	220.38	1024
2018-10-24	12:49	220.488	-0.011676744675987099	220.46	220.6	12:49 PM	220.385	220.522	-0.010437607696726118	220.493	220.6	220.37	12648056.9018	445	220.39	57355	539974.4	20	220.385	2449
2018-10-24	12:50	220.374	-0.012187742331673312	220.33	220.52	12:50 PM	220.29	220.346	-0.011227383687535942	220.406	220.52	220.24	9052053.5755	348	220.51	41081	187538.53	11	220.52	851
2018-10-24	12:51	220.486	-0.01168570954713953	220.49	220.51	12:51 PM	220.45	220.477	-0.010639539058012678	220.49	220.53	220.37	3365355.2619	247	220.395	15264	147064.49	9	220.45	667
2018-10-24	12:52	220.449	-0.011851559663458635	220.36	220.53	12:52 PM	220.36	220.43	-0.010850445146467576	220.41	220.535	220.34	5256806.0556	275	220.49	23848	209647.22	8	220.51	951
2018-10-24	12:53	220.66	-0.010905765756881626	220.77	220.77	12:53 PM	220.45	220.594	-0.010114517518667517	220.75	220.77	220.411	10209980.3226	559	220.425	46284	282004.02	15	220.45	1278
2018-10-24	12:54	220.905	-0.00980756904071391	221.06	221.08	12:54 PM	220.71	220.93	-0.008606763354394054	221.06	221.11	220.593	13521388.3454	793	220.74	61202	471190.99	25	220.74	2133
2018-10-24	12:55	220.988	-0.009435526887889758	221.025	221.05	12:55 PM	220.94	220.981	-0.00837790781160261	221.01	221.074	220.91	10057053.2053	329	221.048	45511	243086.5	12	221.01	1100
2018-10-24	12:56	221.166	-0.008637653355327117	221.18	221.24	12:56 PM	221.055	221.18	-0.007484922458357294	221.21	221.28	221.04	10178708.2094	449	221.04	46020	408715.31	19	221.055	1848
2018-10-24	12:57	221.22	-0.008395601834212596	221.25	221.33	12:57 PM	221.14	221.243	-0.007202218552556083	221.279	221.33	221.14	14533663.0	504	221.19	65691	403727.0	19	221.16	1825
2018-10-24	12:58	221.335	-0.007880121742950167	221.36	221.4	12:58 PM	221.26	221.361	-0.006672709649626755	221.361	221.44	221.25	10650781.4947	389	221.27	48115	199202.0	9	221.26	900
2018-10-24	12:59	221.371	-0.007718754062207151	221.36	221.4	12:59 PM	221.32	221.361	-0.006672709649626755	221.28	221.43	221.28	4296399.6436	263	221.375	19409	154960.0	7	221.39	700
2018-10-24	13:00	221.194	-0.008512145159193704	221.24	221.28	1 PM	221.16	221.203	-0.007381713095921929	221.21	222.73	221.15	11047995.7278	413	221.25	49945	505649.28	20	221.19	2286
2018-10-24	13:01	221.003	-0.009368290354246899	220.87	221.16	1:01 PM	220.87	220.997	-0.00830610999425617	220.84	222.73	220.833	9917480.4962	510	221.21	44876	287966.92	15	221.16	1303
2018-10-24	13:02	220.893	-0.009861358267628248	220.9	220.92	1:02 PM	220.87	220.885	-0.008808694715680743	220.95	220.95	220.813	5463157.2596	261	220.85	24733	160589.51	9	220.88	727
2018-10-24	13:03	220.869	-0.009968936721456925	220.86	220.93	1:03 PM	220.8	220.874	-0.00885805571510634	220.85	220.975	220.8	8329378.0728	425	220.94	37711	365096.64	17	220.93	1653
2018-10-24	13:04	220.667	-0.010874388707848242	220.7	220.82	1:04 PM	220.53	220.704	-0.009620907524411281	220.69	221.091	220.53	10261193.9726	505	220.84	46493	285101.43	19	220.82	1292
2018-10-24	13:05	220.567	-0.011322632265467685	220.545	220.71	1:05 PM	220.51	220.558	-0.010276062607696817	220.5	220.71	220.48	16514520.0723	671	220.71	74876	354451.815	16	220.71	1607
2018-10-24	13:06	220.434	-0.01191879619710162	220.4	220.53	1:06 PM	220.34	220.435	-0.01082800832854686	220.407	220.54	220.34	15238705.1761	617	220.53	69130	385759.5	18	220.53	1750
2018-10-24	13:07	220.277	-0.012622538582564234	220.22	220.36	1:07 PM	220.2	220.263	-0.011599834865020139	220.203	220.4	220.17	19161763.5202	672	220.4	86995	660831.0	26	220.35	3000
2018-10-24	13:08	220.147	-0.013205255207469522	219.92	220.33	1:08 PM	219.85	220.088	-0.012385123492245922	219.922	220.33	219.69	26144501.9492	1217	220.22	118791	869582.33	46	220.21	3950
2018-10-24	13:09	219.803	-0.014747213045680467	219.79	219.96	1:09 PM	219.65	219.776	-0.013785180930499723	219.785	219.99	219.65	12883050.1138	826	219.89	58619	640946.02	32	219.93	2916
2018-10-24	13:10	219.793	-0.014792037401442372	219.83	219.89	1:10 PM	219.76	219.815	-0.013610173750718046	219.81	220.221	219.71	9556227.2363	398	219.8	43474	208803.25	9	219.765	950
2018-10-24	13:11	219.797	-0.014774107659137635	219.77	219.87	1:11 PM	219.75	219.794	-0.013704408385985075	219.74	219.9	219.71	12620778.23	529	219.83	57421	174079.24	11	219.82	792
2018-10-24	13:12	219.85	-0.01453653857359933	219.94	219.96	1:12 PM	219.78	219.876	-0.013336444572085045	219.94	220.029	219.72	13023687.3038	541	219.78	59232	290202.6	15	219.78	1320
2018-10-24	13:13	219.905	-0.01429000461690859	219.95	219.95	1:13 PM	219.88	219.899	-0.01323323520964968	219.93	219.98	219.82	7731223.1957	441	219.93	35158	216386.715	15	219.915	984
2018-10-24	13:14	219.862	-0.014482749346684991	219.9	219.97	1:14 PM	219.78	219.872	-0.013354394026421593	219.9	220.02	219.77	10960191.6399	588	219.95	49848	256359.15	15	219.95	1166
2018-10-24	13:15	219.648	-0.015441990559990647	219.59	219.86	1:15 PM	219.46	219.547	-0.014812787191269458	219.61	219.92	219.36	66452424.7014	1229	219.902	302680	360661.97	23	219.82	1642
2018-10-24	13:16	219.445	-0.016351924981958182	219.44	219.6	1:16 PM	219.39	219.457	-0.015216649913842707	219.46	219.63	219.34	13895767.9392	587	219.6	63319	334434.68	20	219.6	1524
2018-10-24	13:17	219.706	-0.015182009296571387	219.88	219.89	1:17 PM	219.47	219.709	-0.014085834290637608	219.9	219.93	219.458	16325456.2406	709	219.47	74305	421176.3	21	219.47	1917
2018-10-24	13:18	219.919	-0.01422725051884182	219.96	219.97	1:18 PM	219.87	219.931	-0.013089639574956928	219.99	220.0	219.82	8947461.9206	546	219.92	40683	318002.7	18	219.94	1446
2018-10-24	13:19	220.297	-0.012532889871040294	220.39	220.5	1:19 PM	220.02	220.315	-0.011366491958644526	220.42	220.6	219.98	24098545.6056	1332	219.99	109382	658026.79	36	220.03	2987
2018-10-24	13:20	220.308	-0.012483583079702171	220.22	220.42	1:20 PM	220.17	220.281	-0.011519062320505489	220.23	220.44	219.749	11108800.328	492	220.44	50430	273622.88	19	220.4	1242
2018-10-24	13:21	220.093	-0.013447306728584045	220.1	220.18	1:21 PM	220.01	220.098	-0.012340249856404365	220.05	220.215	220.01	8877868.1988	426	220.215	40336	309011.21	15	220.11	1404
2018-10-24	13:22	220.125	-0.013303868790145766	220.07	220.19	1:22 PM	220.04	220.095	-0.01235371194715687	220.06	220.24	220.01	7585786.1956	390	220.075	34466	342293.69	20	220.09	1555
2018-10-24	13:23	220.159	-0.013151465980555183	220.2	220.24	1:23 PM	220.07	220.182	-0.011963311315336126	220.23	220.26	220.01	8678905.1208	618	220.04	39417	360841.26	28	220.14	1639
2018-10-24	13:24	220.075	-0.013527990568955551	219.84	220.2	1:24 PM	219.84	219.966	-0.012932581849511796	220.039	220.24	219.786	15369700.2551	638	220.21	69873	319769.09	18	220.2	1453
2018-10-24	13:25	219.699	-0.015213386345604646	219.62	219.84	1:25 PM	219.62	219.695	-0.014148657380815713	219.67	219.86	219.54	9466893.6586	565	219.78	43091	485974.54	16	219.73	2212
2018-10-24	13:26	219.526	-0.015988847700286333	219.56	219.61	1:26 PM	219.43	219.521	-0.014929458644457327	219.57	219.67	219.38	10904272.1347	439	219.67	49673	273090.14	13	219.61	1244
2018-10-24	13:27	219.372	-0.016679142779020297	219.29	219.48	1:27 PM	219.26	219.401	-0.015467942274554865	219.27	219.575	219.25	18300011.1677	637	219.57	83409	198531.3	10	219.48	905
2018-10-24	13:28	219.295	-0.017024290318387408	219.31	219.39	1:28 PM	219.16	219.276	-0.016028862722573246	219.28	219.43	219.16	13876680.7141	492	219.31	63284	325873.01	18	219.27	1486
2018-10-24	13:29	219.271	-0.017131868772216084	219.26	219.36	1:29 PM	219.125	219.264	-0.016082711085583012	219.26	219.38	219.11	13172707.7799	641	219.29	60077	280447.43	20	219.27	1279
2018-10-24	13:30	219.474	-0.01622193435024855	219.5	219.535	1:30 PM	219.33	219.468	-0.015167288914417107	219.39	219.69	219.26	14085228.8128	647	219.29	64179	753452.73	35	219.34	3433
2018-10-24	13:31	218.955	-0.018548318414293486	218.88	219.26	1:31 PM	218.865	218.994	-0.01729429925330276	218.883	219.35	218.75	35113423.8276	1593	219.35	160340	952234.13	42	219.26	4349
2018-10-24	13:32	219.217	-0.01737392029333048	219.44	219.49	1:32 PM	218.9	219.219	-0.0162846424468697	219.435	219.52	218.87	24670947.8472	1067	218.9	112540	1027470.16	48	218.94	4687
2018-10-24	13:33	219.365	-0.016710519828053685	219.51	219.555	1:33 PM	219.26	219.398	-0.01548140436530737	219.472	219.58	219.21	10606344.3875	521	219.415	48343	369630.0	18	219.44	1685
2018-10-24	13:34	219.584	-0.015728866436867075	219.58	219.67	1:34 PM	219.43	219.572	-0.014700603101665755	219.54	219.77	219.4	19516470.6004	728	219.524	88884	837711.9	38	219.48	3815
2018-10-24	13:35	219.594	-0.01568404208110517	219.66	219.66	1:35 PM	219.55	219.575	-0.014687141010913377	219.55	219.68	219.466	8969873.2083	500	219.52	40851	173479.36	9	219.6	790
2018-10-24	13:36	219.427	-0.01643260882232969	219.22	219.58	1:36 PM	219.22	219.439	-0.015297422458357355	219.239	219.599	219.22	10589895.4554	525	219.56	48259	281524.815	15	219.58	1283
2018-10-24	13:37	219.338	-0.016831545588611007	219.27	219.38	1:37 PM	219.21	219.294	-0.015948090178058594	219.27	219.42	219.16	8815832.743	487	219.22	40201	569182.6	24	219.33	2595
2018-10-24	13:38	219.353	-0.01676430905496802	219.4	219.45	1:38 PM	219.22	219.369	-0.015611537909247618	219.39	219.52	219.12	9643238.5129	430	219.28	43959	224179.31	12	219.24	1022
2018-10-24	13:39	219.074	-0.01801490858072632	219.0	219.24	1:39 PM	219.0	219.064	-0.016980183802412497	218.91	219.4	218.87	16029151.7452	895	219.4	73171	336497.82	20	219.24	1536
2018-10-24	13:40	219.004	-0.018328679071060047	219.01	219.25	1:40 PM	218.87	219.028	-0.017141728891441797	219.03	219.27	218.87	15707408.5777	1024	218.92	71714	419391.94	27	218.88	1915
2018-10-24	13:41	219.248	-0.017234964790468543	219.31	219.34	1:41 PM	219.04	219.254	-0.01612758472142457	219.2	219.39	219.014	9803512.0302	564	219.04	44713	253888.76	13	219.04	1158
2018-10-24	13:42	219.068	-0.01804180319418349	218.97	219.19	1:42 PM	218.92	219.046	-0.017060956346927145	218.97	219.311	218.86	11379025.8583	557	219.18	51948	315677.39	20	219.18	1441
2018-10-24	13:43	219.08	-0.01798801396726915	219.18	219.18	1:43 PM	218.96	219.091	-0.01685902498564046	219.18	219.2	218.96	5767363.0814	464	218.98	26324	197172.0	9	219.04	900
2018-10-24	13:44	219.329	-0.016871887508796698	219.52	219.52	1:44 PM	219.1	219.353	-0.01568333572659393	219.58	219.58	219.01	18599165.0817	1028	219.154	84791	509282.93	35	219.13	2322
2018-10-24	13:45	219.56	-0.01583644489069575	219.4	219.72	1:45 PM	219.32	219.53	-0.014889072372199939	219.41	219.76	219.31	14946683.7127	984	219.57	68085	834326.385	45	219.65	3800
2018-10-24	13:46	219.248	-0.017234964790468543	219.41	219.5	1:46 PM	219.11	219.298	-0.01593014072372205	219.41	219.53	219.11	17557638.1123	1060	219.41	80063	539787.65	35	219.29	2462
2018-10-24	13:47	219.329	-0.016871887508796698	219.34	219.36	1:47 PM	219.24	219.322	-0.015822443997702516	219.405	219.45	219.24	12346272.8654	397	219.394	56293	109445.0	8	219.32	499
2018-10-24	13:48	219.595	-0.015679559645528952	219.71	219.87	1:48 PM	219.39	219.711	-0.014076859563469272	219.789	219.88	219.36	22387902.0729	1038	219.4	101897	502871.42	31	219.39	2290
2018-10-24	13:49	219.705	-0.015186491732147476	219.61	219.87	1:49 PM	219.56	219.716	-0.014054422745548557	219.69	219.91	219.51	12986112.6879	952	219.775	59104	426886.88	21	219.8	1943
2018-10-24	13:50	219.66	-0.015388201333076309	219.47	219.79	1:50 PM	219.44	219.631	-0.014435848650201092	219.46	219.831	219.42	13993320.7221	965	219.68	63713	579022.9	26	219.69	2636
2018-10-24	13:51	219.522	-0.0160067774425912	219.46	219.61	1:51 PM	219.41	219.506	-0.01499676909821947	219.52	219.68	219.36	11333955.1625	724	219.45	51634	789840.26	29	219.45	3598
2018-10-24	13:52	219.458	-0.016293653319467628	219.545	219.57	1:52 PM	219.39	219.433	-0.015324346639862239	219.56	219.59	219.35	13680117.8338	568	219.46	62343	203876.52	20	219.39	929
2018-10-24	13:53	219.731	-0.015069948407166495	219.76	219.79	1:53 PM	219.58	219.739	-0.013951213383113193	219.75	219.83	219.541	7829101.1752	482	219.56	35629	307624.0	14	219.58	1400
2018-10-24	13:54	219.878	-0.014411030377465916	219.81	219.97	1:54 PM	219.73	219.881	-0.013314007754164331	219.77	220.02	219.521	13103791.659	753	219.79	59595	409413.13	20	219.78	1862
2018-10-24	13:55	219.677	-0.015311999928281018	219.66	219.79	1:55 PM	219.54	219.657	-0.01431917719701322	219.62	219.83	219.54	9785053.5293	458	219.77	44547	434960.96	26	219.77	1980
2018-10-24	13:56	219.489	-0.016154697816605564	219.47	219.63	1:56 PM	219.36	219.476	-0.015131390005743888	219.501	219.68	219.36	14598666.088	904	219.63	66516	383667.22	18	219.63	1748
2018-10-24	13:57	219.338	-0.016831545588611007	219.16	219.49	1:57 PM	219.16	219.363	-0.0156384620907525	219.2	219.57	219.07	20171527.2636	826	219.501	91955	927580.59	25	219.46	4229
2018-10-24	13:58	219.106	-0.01787147064228817	218.95	219.21	1:58 PM	218.91	219.06	-0.016998133256749044	218.965	219.548	218.9	19717107.9712	753	219.2	90008	1264242.82	28	219.185	5770
2018-10-24	13:59	219.143	-0.01770562052596894	219.07	219.26	1:59 PM	219.0	219.157	-0.016562858989086743	219.122	219.26	218.951	12548497.1829	523	218.973	57258	818061.08	21	219.0	3733
2018-10-24	14:00	218.964	-0.0185079764941078	218.75	219.25	2 PM	218.67	218.861	-0.017891118609994358	218.75	219.25	218.59	25426824.5739	1115	219.121	116178	719953.33	29	219.09	3288
2018-10-24	14:01	218.822	-0.019144482345927423	218.81	218.91	2:01 PM	218.77	218.878	-0.017814833429063877	218.88	222.73	218.748	15555644.742	895	218.75	71070	164554.28	7	218.77	752
2018-10-24	14:02	218.953	-0.01855728328544592	218.89	219.07	2:02 PM	218.805	218.792	-0.018200746697300454	218.79	222.73	218.68	35035861.5675	963	218.89	160133	314417.03	20	218.93	1436
2018-10-24	14:03	218.758	-0.01943135822280385	218.8	218.83	2:03 PM	218.67	218.765	-0.018321905514072492	218.83	218.89	218.66	15903125.6067	750	218.81	72695	558707.07	39	218.75	2554
2018-10-24	14:04	219.019	-0.018261442537417058	218.98	219.1	2:04 PM	218.83	218.976	-0.017375071797817408	218.924	219.12	218.82	23186332.5224	949	218.821	105885	526084.93	22	218.83	2402
2018-10-24	14:05	218.948	-0.018579695463326874	218.78	219.105	2:05 PM	218.73	218.931	-0.01757700315910397	218.715	219.118	218.68	17978187.7253	999	218.91	82118	659692.01	36	218.91	3013
2018-10-24	14:06	218.743	-0.019498594756446837	218.67	218.87	2:06 PM	218.64	218.748	-0.018398190695002974	218.69	218.9	218.631	11646794.9486	470	218.66	53243	87497.0	4	218.87	400
2018-10-24	14:07	218.719	-0.019606173210275513	218.66	218.78	2:07 PM	218.66	218.72	-0.01852383687535905	218.68	218.82	218.65	7927949.2821	549	218.69	36247	153978.08	9	218.73	704
2018-10-24	14:08	218.773	-0.019364121689160994	218.78	218.91	2:08 PM	218.71	218.794	-0.018191771970132116	218.74	218.97	218.67	18029073.9923	847	218.67	82402	460080.41	22	218.71	2103
2018-10-24	14:09	218.78	-0.019332744640127606	218.71	218.88	2:09 PM	218.7	218.813	-0.018106512062033425	218.71	218.9	218.68	12213916.2164	682	218.746	55819	574516.5	28	218.78	2626
2018-10-24	14:10	219.04	-0.01816731139031703	219.13	219.14	2:10 PM	218.86	219.039	-0.017092367892016198	219.114	219.18	218.786	17671219.5228	863	218.79	80676	411137.915	20	218.86	1877
2018-10-24	14:11	219.124	-0.017790786801916664	219.22	219.22	2:11 PM	219.08	219.12	-0.01672889144170021	219.26	219.26	219.01	14670971.2857	761	219.112	66954	233147.5	12	219.1	1064
2018-10-24	14:12	219.171	-0.017580112329835525	219.23	219.23	2:12 PM	219.1	219.187	-0.016428238081562324	219.22	219.31	219.08	11897262.2205	628	219.25	54279	606885.88	27	219.22	2769
2018-10-24	14:13	219.034	-0.0181942060037742	219.01	219.21	2:13 PM	218.91	219.016	-0.017195577254451564	218.94	219.28	218.88	16614092.2816	737	219.21	75858	645932.39	33	219.19	2949
2018-10-24	14:14	219.048	-0.01813145190570743	218.97	219.13	2:14 PM	218.91	219.036	-0.017105829982768574	218.977	219.18	218.862	11426008.416	672	218.96	52165	477962.99	25	218.96	2182
2018-10-24	14:15	219.119	-0.017813198979797617	219.05	219.275	2:15 PM	218.97	219.137	-0.01665260626076973	219.05	219.3	218.94	11951758.4922	787	218.97	54540	562698.34	34	218.98	2568
2018-10-24	14:16	219.161	-0.017624936685597434	219.11	219.24	2:16 PM	219.09	219.175	-0.01648208644457209	219.16	219.262	219.06	9788352.157	637	219.063	44660	815281.045	20	219.1	3720
2018-10-24	14:17	219.013	-0.018288337150874228	219.0	219.23	2:17 PM	218.93	219.034	-0.017114804709936912	219.059	219.28	218.91	11584261.6897	757	219.16	52888	404298.32	21	219.23	1846
2018-10-24	14:18	219.328	-0.016876369944372915	219.4	219.53	2:18 PM	219.06	219.345	-0.01571923463526715	219.421	219.56	219.05	16954523.4982	986	219.06	77296	575297.63	33	219.06	2623
2018-10-24	14:19	219.498	-0.016114355896419873	219.51	219.6	2:19 PM	219.39	219.48	-0.015113440551407342	219.54	219.64	219.183	11739083.8381	612	219.4	53486	334515.55	19	219.4	1524
2018-10-24	14:20	219.559	-0.01584092732627197	219.75	219.75	2:20 PM	219.28	219.511	-0.014974332280298756	219.74	219.77	219.26	15570121.1249	1001	219.54	70931	712248.17	40	219.57	3244
2018-10-24	14:21	219.797	-0.014774107659137635	219.88	219.89	2:21 PM	219.72	219.8	-0.013677484204480192	219.845	219.92	219.69	15847129.9278	635	219.76	72098	554987.95	26	219.77	2525
2018-10-24	14:22	219.936	-0.01415104911404653	219.79	220.11	2:22 PM	219.79	219.974	-0.012896682940838703	219.797	220.15	219.77	29020526.4785	1202	219.84	131927	759880.25	31	219.87	3455
2018-10-24	14:23	219.841	-0.014576880493785018	220.12	220.12	2:23 PM	219.69	219.859	-0.013412729753015527	220.08	220.14	219.63	18619195.9954	890	219.77	84687	376807.14	20	219.77	1714
2018-10-24	14:24	219.95	-0.014088295015979886	220.03	220.13	2:24 PM	219.82	219.997	-0.012793473578403212	220.024	220.13	219.8	16906576.919	763	220.06	76849	733533.36	48	220.13	3335
2018-10-24	14:25	219.904	-0.014294487052484808	219.86	220.11	2:25 PM	219.805	219.928	-0.013103101665709433	219.89	220.13	219.77	10999258.9275	549	220.03	50013	661251.875	36	220.06	3007
2018-10-24	14:26	219.949	-0.014092777451555976	220.02	220.06	2:26 PM	219.8	219.94	-0.013049253302699666	220.035	220.11	219.76	28390076.8007	1044	219.91	129081	791595.95	39	219.91	3599
2018-10-24	14:27	220.402	-0.012062234135539899	220.47	220.68	2:27 PM	220.07	220.376	-0.011092762780011525	220.48	220.7	220.016	31138856.6682	1836	220.06	141299	929655.125	63	220.07	4218
2018-10-24	14:28	220.535	-0.011466070203905962	220.56	220.64	2:28 PM	220.45	220.542	-0.01034786042504313	220.52	220.67	219.925	19734737.1679	1049	220.48	89483	1146122.88	74	220.51	5197
2018-10-24	14:29	220.405	-0.012048786828811251	220.42	220.53	2:29 PM	220.31	220.387	-0.011043401780585927	220.46	220.56	220.25	12330855.3079	663	220.535	55951	304158.31	17	220.53	1380
2018-10-24	14:30	220.648	-0.010959554983795965	220.68	220.73	2:30 PM	220.5	220.628	-0.009961947156806554	220.7	220.73	220.455	14217250.9465	559	220.455	64440	388119.64	22	220.58	1759
2018-10-24	14:31	220.626	-0.01105816856647221	220.29	220.75	2:31 PM	220.29	220.516	-0.010464531878231001	220.25	220.78	219.063	27899078.1197	904	220.73	126517	1059666.84	37	220.72	4803
2018-10-24	14:32	220.359	-0.01225497886531617	220.32	220.47	2:32 PM	220.255	220.334	-0.011281232050545707	220.35	220.47	220.21	8982136.4756	583	220.25	40766	498893.49	29	220.27	2264
2018-10-24	14:33	220.664	-0.01088783601457689	220.75	220.78	2:33 PM	220.37	220.653	-0.009849763067202854	220.73	220.88	220.27	18932906.1132	1268	220.357	85804	425439.64	26	220.37	1928
2018-10-24	14:34	220.642	-0.010986449597253135	220.62	220.76	2:34 PM	220.52	220.606	-0.010060669155657752	220.61	220.76	220.45	16182368.226	668	220.745	73354	309560.05	17	220.76	1403
2018-10-24	14:35	220.604	-0.011156782149148455	220.55	220.64	2:35 PM	220.55	220.616	-0.010015795519816195	220.532	220.67	220.52	6497351.2158	358	220.57	29451	236928.84	11	220.62	1074
2018-10-24	14:36	220.382	-0.01215188284706371	220.26	220.505	2:36 PM	220.26	220.348	-0.011218408960367604	220.19	220.52	220.161	15755763.5117	644	220.52	71504	420488.53	23	220.49	1908
2018-10-24	14:37	220.273	-0.01264046832486897	220.39	220.42	2:37 PM	220.1	220.21	-0.011837665134979919	220.321	220.43	219.71	9323260.4551	627	220.22	42338	358384.76	23	220.15	1627
2018-10-24	14:38	220.308	-0.012483583079702171	220.25	220.36	2:38 PM	220.25	220.299	-0.011438289775990838	220.26	220.42	220.15	8971891.2847	482	220.35	40726	183957.51	10	220.36	835
2018-10-24	14:39	220.24	-0.012788388698883338	220.17	220.29	2:39 PM	220.17	220.25	-0.011658170591614073	220.2	220.483	220.12	4911125.3248	476	220.23	22298	203281.3	13	220.29	923
2018-10-24	14:40	220.205	-0.012945273944050135	220.31	220.31	2:40 PM	220.08	220.318	-0.011353029867892021	220.24	220.365	220.05	47284166.3785	705	220.19	214618	651146.08	33	220.14	2957
2018-10-24	14:41	220.241	-0.01278390626330712	220.32	220.32	2:41 PM	220.18	220.241	-0.011698556863871334	220.21	220.34	220.08	9506694.4129	563	220.24	43165	210110.22	12	220.32	954
2018-10-24	14:42	220.111	-0.013366622888212536	220.11	220.19	2:42 PM	220.01	220.093	-0.012362686674325206	220.015	220.24	219.96	8363104.8672	578	220.2	37998	183792.6	10	220.19	835
2018-10-24	14:43	220.095	-0.013438341857431611	219.9	220.21	2:43 PM	219.89	220.052	-0.012546668581275221	219.889	220.25	219.87	8216094.9111	630	220.011	37337	233740.43	16	220.15	1062
2018-10-24	14:44	219.82	-0.014671011640885174	219.72	219.98	2:44 PM	219.65	219.846	-0.013471065479609462	219.725	220.02	219.64	13741674.642	737	219.879	62506	457665.55	26	219.9	2082
2018-10-24	14:45	219.671	-0.015338894541738186	219.63	219.74	2:45 PM	219.55	219.645	-0.014373025560022987	219.561	219.77	219.46	13710222.9838	889	219.73	62420	492941.37	26	219.73	2244
2018-10-24	14:46	219.502	-0.01609642615411501	219.38	219.64	2:46 PM	219.36	219.478	-0.015122415278575552	219.4	219.67	219.33	16926158.2959	1007	219.64	77120	433077.25	22	219.64	1973
2018-10-24	14:47	219.34	-0.016822580717458575	219.28	219.42	2:47 PM	219.26	219.324	-0.01581346927053418	219.22	219.662	219.15	12566631.5731	808	219.396	57297	366078.64	22	219.42	1669
2018-10-24	14:48	219.304	-0.016983948398201592	219.46	219.46	2:48 PM	219.21	219.32	-0.015831418724870854	219.49	219.533	219.17	14209514.6444	767	219.21	64789	270182.82	14	219.21	1232
2018-10-24	14:49	219.489	-0.016154697816605564	219.52	219.55	2:49 PM	219.42	219.5	-0.015023693279724354	219.535	219.766	219.41	8253423.2939	505	219.49	37601	735068.505	31	219.5	3349
2018-10-24	14:50	219.462	-0.01627572357716289	219.53	219.56	2:50 PM	219.3	219.444	-0.01527498564043664	219.53	219.56	219.28	7937522.1169	512	219.52	36171	389544.25	17	219.51	1775
2018-10-24	14:51	219.531	-0.01596643552240538	219.52	219.59	2:51 PM	219.48	219.533	-0.01487561028144756	219.56	219.63	219.45	14031252.2367	690	219.56	63914	605905.9	29	219.56	2760
2018-10-24	14:52	219.384	-0.01662535355210609	219.35	219.43	2:52 PM	219.35	219.41	-0.015427556002297603	219.38	219.538	219.307	13133856.07	510	219.53	59860	168267.45	9	219.43	767
2018-10-24	14:53	219.286	-0.0170646322385731	219.28	219.35	2:53 PM	219.22	219.279	-0.016015400631820866	219.27	219.428	219.21	11015939.0006	643	219.37	50237	331122.7	16	219.35	1510
2018-10-24	14:54	219.299	-0.017006360576082544	219.15	219.38	2:54 PM	219.15	219.264	-0.016082711085583012	219.21	219.43	219.08	10435662.3206	544	219.25	47594	426756.98	28	219.29	1946
2018-10-24	14:55	219.366	-0.016706037392477467	219.43	219.44	2:55 PM	219.29	219.373	-0.015593588454911073	219.461	219.47	219.2	10122980.1707	742	219.239	46145	439389.75	27	219.29	2003
2018-10-24	14:56	219.437	-0.016387784466567655	219.43	219.59	2:56 PM	219.34	219.496	-0.015041642734060902	219.415	219.62	219.34	11497662.2084	600	219.42	52382	460599.11	24	219.42	2099
2018-10-24	14:57	219.552	-0.015872304375305353	219.77	219.77	2:57 PM	219.41	219.588	-0.014628805284319443	219.82	219.82	219.4	15152679.717	915	219.45	69005	717495.63	36	219.425	3268
2018-10-24	14:58	219.742	-0.015020641615828374	219.8	219.82	2:58 PM	219.68	219.742	-0.013937751292360814	219.8	219.87	219.461	11762814.1291	647	219.809	53530	545400.88	26	219.82	2482
2018-10-24	14:59	219.743	-0.015016159180252156	219.62	219.82	2:59 PM	219.62	219.733	-0.013978137564618076	219.6	219.85	219.58	7738559.3174	504	219.797	35218	303465.51	16	219.82	1381
2018-10-24	15:00	219.238	-0.01727978914623045	219.08	219.56	3 PM	219.0	219.26	-0.016100660539919685	219.1	219.66	219.0	22272226.6166	990	219.65	101579	468072.28	25	219.56	2135
2018-10-24	15:01	219.073	-0.01801939101630254	219.0	219.13	3:01 PM	218.96	219.051	-0.01703851952900643	219.0	219.17	218.92	16494096.3245	864	219.09	75298	354241.63	23	219.13	1617
2018-10-24	15:02	218.776	-0.019350674382432344	218.57	218.95	3:02 PM	218.54	218.764	-0.01832639287765653	218.538	218.99	218.5	35424736.0792	1477	218.98	161931	699427.23	34	218.95	3197
2018-10-24	15:03	218.569	-0.020278538546704743	218.61	218.7	3:03 PM	218.45	218.549	-0.019291176048248163	218.6	219.021	218.43	25955822.9617	1161	218.51	118764	803459.905	40	218.51	3676
2018-10-24	15:04	218.593	-0.020170960092876066	218.49	218.79	3:04 PM	218.47	218.608	-0.019026421596783496	218.47	218.839	218.45	21712351.4547	939	218.595	99321	653593.94	31	218.6	2990
2018-10-24	15:05	218.47	-0.02072229966874797	218.52	218.59	3:05 PM	218.35	218.424	-0.01985209649626654	218.544	218.715	218.291	16665284.4873	762	218.5	76298	617177.42	33	218.485	2825
2018-10-24	15:06	218.538	-0.02041749404956668	218.71	218.73	3:06 PM	218.4	218.582	-0.019143093049971367	218.726	218.79	218.34	15036500.8631	642	218.52	68791	588959.45	27	218.48	2695
2018-10-24	15:07	218.763	-0.0194089460449229	218.99	218.99	3:07 PM	218.64	218.791	-0.01820523406088462	218.99	219.0	218.62	14897253.8101	786	218.71	68089	913334.07	47	218.71	4175
2018-10-24	15:08	218.909	-0.018754510450798536	218.86	218.96	3:08 PM	218.86	218.92	-0.017626364158529695	218.82	218.99	218.811	16296616.4841	811	218.98	74441	285019.76	14	218.94	1302
2018-10-24	15:09	218.766	-0.019395498738194378	218.71	218.86	3:09 PM	218.66	218.699	-0.01861807151062608	218.726	218.88	218.57	13269810.351	536	218.81	60676	272801.17	14	218.85	1247
2018-10-24	15:10	218.748	-0.019476182578565884	218.77	218.8	3:10 PM	218.66	218.762	-0.01833536760482487	218.81	218.84	218.64	10358166.4837	477	218.7	47349	307996.525	18	218.7	1408
2018-10-24	15:11	218.913	-0.018736580708493673	218.72	219.04	3:11 PM	218.72	218.885	-0.017783421883974825	218.64	219.06	218.64	27550020.8147	1274	218.8	125865	868427.49	43	218.76	3967
2018-10-24	15:12	218.587	-0.020197854706333236	218.57	218.77	3:12 PM	218.47	218.602	-0.01905334577828838	218.59	218.8	218.43	18728084.0972	1121	218.67	85672	466026.64	21	218.64	2132
2018-10-24	15:13	218.664	-0.019852707166966254	218.87	218.87	3:13 PM	218.44	218.622	-0.018963598506605395	218.84	218.91	218.421	12299670.4007	737	218.569	56260	525887.95	27	218.56	2405
2018-10-24	15:14	218.806	-0.019216201315146498	218.71	218.93	3:14 PM	218.61	218.758	-0.018353317059161416	218.68	218.94	218.58	12604602.2733	713	218.87	57619	338929.89	19	218.87	1549
2018-10-24	15:15	218.578	-0.020238196626518924	218.65	218.69	3:15 PM	218.4	218.52	-0.01942130959218841	218.66	218.733	218.36	30439655.0008	1914	218.69	139299	511253.49	26	218.69	2339
2018-10-24	15:16	218.841	-0.0190593160699797	218.79	219.04	3:16 PM	218.53	218.838	-0.017994327972429724	218.82	219.04	218.53	22130222.3615	1123	218.66	101126	730054.815	37	218.63	3336
2018-10-24	15:17	218.502	-0.02057886173030969	218.49	218.8	3:17 PM	218.39	218.536	-0.019349511774842097	218.49	218.81	218.38	13681455.1269	868	218.79	62605	1016033.34	27	218.8	4650
2018-10-24	15:18	218.488	-0.020641615828376463	218.43	218.59	3:18 PM	218.43	218.478	-0.019609778862722593	218.44	218.649	218.42	15480274.6646	791	218.509	70855	321833.4	18	218.5	1473
2018-10-24	15:19	218.438	-0.020865737607186248	218.32	218.58	3:19 PM	218.31	218.394	-0.019986717403790957	218.29	218.6	218.25	19073412.7748	930	218.43	87335	526435.08	27	218.43	2410
2018-10-24	15:20	218.097	-0.022394248138668544	218.0	218.28	3:20 PM	217.995	218.058	-0.021494471568064423	218.0	218.32	217.96	29245923.618	1570	218.265	134120	526486.91	26	218.28	2414
2018-10-24	15:21	218.052	-0.022595957739597373	218.115	218.2	3:21 PM	217.93	218.024	-0.021647041929925386	218.136	218.2	217.91	17757584.9138	832	218.0	81448	372868.15	20	218.06	1710
2018-10-24	15:22	218.209	-0.021892215354134763	218.27	218.33	3:22 PM	218.1	218.209	-0.020816879666858173	218.25	218.37	218.076	20353239.537	1041	218.138	93274	462603.25	25	218.18	2120
2018-10-24	15:23	218.17	-0.022067030341606425	218.11	218.29	3:23 PM	218.08	218.166	-0.021009836300976522	218.101	218.35	218.04	16194455.3981	880	218.27	74230	635747.415	37	218.24	2914
2018-10-24	15:24	218.032	-0.022685606451121186	218.12	218.16	3:24 PM	217.93	218.029	-0.021624605112004668	218.12	218.2	217.92	13760042.2772	775	218.115	63111	834189.56	39	218.12	3826
2018-10-24	15:25	218.021	-0.022734913242459437	218.3	218.3	3:25 PM	217.93	218.04	-0.02157524411257907	218.31	218.32	217.89	17603687.1455	967	218.129	80736	1082039.22	41	218.05	4963
2018-10-24	15:26	218.407	-0.02100469311004818	218.53	218.59	3:26 PM	218.26	218.458	-0.01969952613440558	218.524	218.62	218.147	26044094.5333	1276	218.3	119218	732537.4	39	218.26	3354
2018-10-24	15:27	218.262	-0.021654646268596457	218.14	218.54	3:27 PM	218.06	218.238	-0.020686746122917925	218.16	218.55	218.06	18693199.5872	911	218.53	85655	517499.21	29	218.54	2371
2018-10-24	15:28	217.915	-0.023210051413536048	217.77	218.15	3:28 PM	217.74	217.918	-0.022122702469844945	217.74	218.16	217.7	29592181.1221	1414	218.15	135795	1465698.28	75	218.14	6726
2018-10-24	15:29	217.744	-0.023976547897065305	217.76	217.83	3:29 PM	217.69	217.739	-0.022925940551407276	217.78	218.137	217.67	18636726.5586	1101	217.731	85592	618828.61	32	217.7	2842
2018-10-24	15:30	217.921	-0.023183156800078878	217.97	218.05	3:30 PM	217.71	217.924	-0.022095778288340064	217.964	218.08	217.66	22748447.589	1166	217.76	104387	1101593.12	49	217.71	5055
2018-10-24	15:31	217.878	-0.02337590152985528	217.78	217.99	3:31 PM	217.78	217.856	-0.022400919012062117	217.673	218.02	217.673	18380948.5744	1076	217.95	84372	479766.75	26	217.94	2202
2018-10-24	15:32	217.691	-0.02421411698260361	217.67	217.82	3:32 PM	217.61	217.673	-0.023222106547960992	217.68	217.884	217.58	26585904.8239	1468	217.66	122137	635222.68	27	217.78	2918
2018-10-24	15:33	217.819	-0.023640365228850754	217.82	217.93	3:33 PM	217.61	217.788	-0.022706059735784042	217.81	217.945	217.58	26783992.3155	1265	217.67	122982	1042044.9	53	217.67	4784
2018-10-24	15:34	217.634	-0.02446961581044678	217.43	217.79	3:34 PM	217.43	217.577	-0.023652893452039123	217.37	217.81	217.37	33745087.361	1443	217.81	155095	1089909.83	69	217.78	5008
2018-10-24	15:35	217.75	-0.023949653283608135	217.81	217.89	3:35 PM	217.32	217.735	-0.022943890005743824	217.793	217.92	217.31	31622102.6556	1552	217.37	145232	2527429.325	122	217.32	11607
2018-10-24	15:36	217.875	-0.0233893488365838	217.89	217.99	3:36 PM	217.78	217.881	-0.022288734922458413	217.828	218.0	217.697	29736250.7786	1379	217.79	136479	1152779.765	64	217.8	5291
2018-10-24	15:37	218.042	-0.02264078209535928	218.04	218.17	3:37 PM	217.77	218.042	-0.021566269385410734	218.04	218.25	217.76	28633351.7671	1790	217.83	131320	942158.7	53	217.84	4321
2018-10-24	15:38	217.895	-0.02329970012505986	217.79	218.05	3:38 PM	217.76	217.883	-0.02227976019529008	217.79	218.08	217.73	19440815.0217	1155	218.06	89226	944573.33	39	218.05	4335
2018-10-24	15:39	217.945	-0.0230755783462502	218.08	218.11	3:39 PM	217.79	217.924	-0.022095778288340064	217.903	218.13	217.77	16375926.4596	934	217.805	75145	481657.6	30	217.79	2210
2018-10-24	15:40	217.822	-0.023626917922122105	217.92	218.02	3:40 PM	217.75	217.832	-0.022508615738081647	217.935	218.02	217.72	23657209.1124	1565	218.01	108603	1492955.5	77	218.02	6854
2018-10-24	15:41	217.829	-0.02359554087308872	218.0	218.0	3:41 PM	217.56	217.779	-0.02274644600804143	217.97	218.01	217.53	36922899.366	1993	217.93	169543	1499096.95	75	217.87	6882
2018-10-24	15:42	218.113	-0.02232252916944947	218.12	218.18	3:42 PM	217.99	218.11	-0.02126112866168868	218.12	218.25	217.913	22667330.0224	1261	217.98	103926	628820.21	36	218.0	2883
2018-10-24	15:43	217.847	-0.023514857032717214	217.66	218.17	3:43 PM	217.65	217.859	-0.022387456921309612	217.709	218.18	217.62	25738359.8818	1384	218.12	118142	1000573.91	42	218.15	4593
2018-10-24	15:44	217.602	-0.02461305374888493	217.44	217.69	3:44 PM	217.44	217.573	-0.02367084290637567	217.45	217.75	217.41	28605581.2957	1422	217.7	131476	1038615.04	40	217.66	4773
2018-10-24	15:45	217.23	-0.026280519783229414	217.22	217.365	3:45 PM	217.02	217.181	-0.02542988943136129	217.301	217.701	217.0	52076216.4376	2306	217.43	239782	1485855.545	65	217.34	6840
2018-10-24	15:46	216.953	-0.027522154437835282	216.68	217.25	3:46 PM	216.68	216.947	-0.026479932510051738	216.69	217.29	216.67	34137103.1773	1885	217.29	157352	1130977.655	62	217.24	5213
2018-10-24	15:47	216.95	-0.02753560174456393	217.15	217.15	3:47 PM	216.72	216.975	-0.02635428632969566	217.12	217.37	216.69	32363110.4855	1648	216.69	149156	1034634.82	41	216.72	4769
2018-10-24	15:48	216.784	-0.028279686050212232	216.61	217.06	3:48 PM	216.6	216.787	-0.02719791068351525	216.61	217.23	216.6	21261582.9497	1294	217.12	98076	605043.35	37	217.06	2791
2018-10-24	15:49	216.45	-0.029776819532661272	216.27	216.65	3:49 PM	216.27	216.458	-0.028674253302699664	216.23	216.68	216.21	45042504.8997	2341	216.625	208089	1940692.0	101	216.64	8966
2018-10-24	15:50	216.212	-0.030843639199795603	216.37	216.4	3:50 PM	215.94	216.178	-0.02993071510626084	216.4	216.657	215.83	72952143.1001	3663	216.27	337463	3037125.655	132	216.1	14047
2018-10-24	15:51	216.198	-0.030906393297862246	216.13	216.51	3:51 PM	215.97	216.195	-0.02985442992533036	216.11	216.52	215.9	54861433.9857	3151	216.38	253759	2017562.685	92	216.38	9332
2018-10-24	15:52	216.026	-0.03167737221696772	216.0	216.32	3:52 PM	215.87	216.042	-0.03054099655370482	215.98	216.403	215.82	47412048.1679	2555	216.111	219457	1763419.01	87	216.16	8163
2018-10-24	15:53	215.826	-0.03257385933220673	215.23	216.01	3:53 PM	215.22	215.711	-0.03202631390005744	215.19	216.31	215.187	80508647.6733	4349	216.0	373225	7619536.06	169	215.98	35304
2018-10-24	15:54	215.317	-0.03485541904048976	215.6	215.72	3:54 PM	214.92	215.269	-0.034009728604250465	215.608	215.8	214.89	138739778.2995	7051	215.19	644494	2755412.76	130	215.04	12797
2018-10-24	15:55	215.168	-0.035523301941342775	215.0	215.57	3:55 PM	214.92	215.195	-0.0343417935094774	214.995	215.65	214.78	70285260.2914	4038	215.6	326612	3082070.685	136	215.54	14324
2018-10-24	15:56	215.169	-0.03551881950576656	215.21	215.32	3:56 PM	214.93	215.163	-0.03448538914417003	215.21	215.37	214.92	55402839.5193	3134	215.01	257492	2404945.715	115	215.02	11177
2018-10-24	15:57	214.94	-0.0365452972527152	214.86	215.21	3:57 PM	214.72	214.912	-0.03561171740379095	214.85	215.298	214.67	90355957.9284	5185	215.21	420433	2886221.4	131	215.21	13428
2018-10-24	15:58	214.991	-0.0363166930383292	214.79	215.22	3:58 PM	214.78	215.009	-0.035176443136128784	214.76	215.77	214.75	76201852.012	3624	214.88	354412	4079885.29	99	214.875	18977
2018-10-24	15:59	214.949	-0.036504955332529385	215.05	215.3	3:59 PM	214.54	214.968	-0.0353604250430788	215.08	215.34	214.54	176695775.5201	6474	214.76	821963	5014985.125	218	214.77	23331
